4294967278,121
4294967278,116
4294967278,101
4294967278,28
4294967278,27
4294967278,25
4294967278,18
4294967279,132
4294967279,130
4294967279,124
4294967279,296
4294967279,25
4294967279,20
4294967279,17
4294967279,286
4294967279,15
4294967279,5
4294967294,223
4294967294,1423
4294967294,215
4294967294,258
4294967294,187
4294967294,176
4294967278,255
4294967279,253
122,7
4294967279,547
4294967294,497
4294967278,396
4294967278,120
4294967279,246
4294967279,243
4294967278,239
122,6
122,5
122,4
122,3
122,2
122,1
4294967278,236
4294967278,113
4294967278,233
4294967279,234
4294967279,230
4294967278,227
4294967278,274
121,6
121,5
121,4
4294967278,218
121,3
121,2
121,1
4294967278,217
56,4
4294967278,395
4294967278,102
4294967278,100
4294967278,381
120,8
120,7
120,6
4294967278,208
120,5
120,4
120,3
120,2
120,1
119,4
4294967278,204
119,3
119,2
119,1
4294967279,205
4294967278,202
4294967279,318
4294967278,200
118,5
4294967278,198
118,4
118,3
118,2
118,1
4294967278,197
4294967278,196
4294967278,195
4294967278,305
4294967279,571
4294967278,77
4294967278,380
4294967294,1437
4294967294,496
4294967294,253
4294967294,1152
4294967294,252
4294967294,417
4294967294,385
4294967294,111
4294967294,169
4294967294,418
4294967294,456
4294967279,533
4294967278,187
4294967294,389
4294967278,185
4294967294,475
30,3
4294967278,186
4294967294,1436
4294967278,394
4294967279,187
30,0
30,1
30,7
30,2
4294967279,186
4294967279,312
4294967278,302
4294967279,311
4294967278,301
4294967279,310
4294967278,300
4294967278,179
4294967279,180
4294967278,178
4294967278,172
117,10
117,9
117,8
117,7
117,6
117,5
117,4
117,3
117,2
117,1
4294967279,307
4294967278,393
4294967279,168
4294967278,166
4294967279,167
116,8
116,7
116,6
116,5
116,4
116,3
116,2
116,1
4294967278,353
4294967294,261
4294967294,263
4294967294,173
4294967294,221
4294967294,163
4294967294,208
4294967279,302
4294967278,155
115,10
115,9
115,8
115,7
115,6
115,5
115,4
115,3
115,2
115,1
4294967279,528
4294967279,299
4294967279,145
114,8
114,7
114,6
114,5
114,4
114,3
114,2
114,1
4294967278,370
64,3
4294967294,388
4294967279,293
4294967279,294
113,8
113,7
113,6
113,5
113,4
113,3
113,2
113,1
4294967278,347
4294967279,271
4294967279,290
4294967294,1435
4294967278,127
4294967278,252
4294967278,122
4294967278,118
4294967278,114
4294967278,111
4294967278,105
4294967278,103
4294967278,377
4294967278,374
4294967278,82
4294967278,78
4294967278,73
4294967278,71
4294967278,68
4294967278,67
4294967278,66
4294967278,65
4294967278,63
4294967278,291
4294967278,43
4294967278,379
4294967278,42
4294967278,41
4294967278,40
4294967278,330
4294967278,39
4294967278,34
4294967278,378
4294967278,33
4294967278,32
4294967278,328
4294967278,30
4294967279,174
4294967279,546
4294967279,315
4294967279,573
4294967279,301
4294967279,572
4294967279,526
4294967279,23
4294967279,88
4294967279,134
4294967279,22
4294967279,21
4294967279,19
4294967279,18
4294967279,12
4294967279,8
4294967279,7
4294967279,279
4294967279,4
4294967279,6
4294967279,285
4294967279,298
4294967279,334
4294967279,11
4294967294,1434
50,3
4294967279,9
4294967279,263
50,4
4294967279,262
4294967278,322
112,4
112,3
112,2
112,1
4294967279,281
4294967278,132
4294967294,495
4294967278,320
4294967278,368
4294967278,367
111,7
4294967278,130
4294967278,131
4294967278,319
4294967278,318
111,6
4294967278,128
4294967278,317
4294967278,129
4294967278,341
111,5
4294967294,397
4294967294,411
4294967294,185
4294967294,422
4294967294,406
4294967294,392
4294967294,471
4294967294,164
4294967279,256
111,4
111,3
111,2
111,1
4294967278,253
26,4
23,5
22,5
22,4
101,14
4294967278,117
4294967278,240
4294967278,108
4294967294,50
4294967278,392
4294967279,237
4294967278,234
4294967294,483
4294967279,235
4294967278,230
48,4
110,5
110,4
4294967278,224
110,3
110,2
110,1
4294967278,223
4294967278,220
23,4
26,5
4294967279,333
4294967278,106
4294967278,219
109,8
109,7
109,6
4294967279,217
109,5
109,4
4294967279,216
109,3
109,2
109,1
4294967278,214
4294967279,544
4294967279,332
4294967278,212
4294967278,98
4294967278,99
4294967278,211
4294967278,313
4294967278,97
4294967278,311
4294967278,95
4294967279,136
4294967278,376
4294967279,331
4294967279,317
4294967278,84
4294967279,330
4294967278,76
4294967278,83
4294967278,338
4294967279,329
4294967279,538
4294967278,81
4294967278,192
4294967294,89
4294967278,190
4294967278,366
4294967279,565
4294967278,74
4294967278,335
4294967294,42
4294967294,254
4294967294,29
4294967294,114
4294967294,45
4294967294,44
4294967294,43
4294967279,570
4294967278,72
4294967278,303
4294967279,185
4294967278,183
4294967279,184
4294967279,181
4294967279,183
4294967279,182
4294967278,180
4294967294,127
4294967294,12
4294967294,126
4294967294,18
4294967294,68
4294967294,11
4294967294,104
4294967294,106
4294967294,166
4294967294,24
4294967294,168
4294967294,162
4294967294,1153
4294967279,568
4294967278,364
4294967279,179
4294967278,177
4294967279,178
4294967278,176
4294967279,177
4294967278,175
4294967279,176
4294967279,175
4294967278,171
4294967278,391
4294967279,328
4294967279,0
4294967278,170
4294967278,373
4294967279,567
4294967294,5
4294967294,76
4294967294,494
4294967294,440
4294967294,452
4294967294,455
4294967294,449
4294967294,110
4294967294,384
4294967294,180
4294967294,53
4294967294,51
4294967279,566
4294967278,371
4294967278,165
4294967279,166
4294967278,164
4294967279,161
4294967278,163
4294967279,164
4294967278,162
4294967279,163
4294967279,162
4294967278,160
4294967294,484
4294967294,1433
4294967279,554
4294967294,84
4294967278,390
4294967294,36
4294967294,39
4294967294,83
4294967294,82
4294967294,91
4294967294,88
4294967294,87
4294967294,85
4294967294,217
4294967278,389
4294967279,155
4294967278,154
4294967279,154
4294967278,153
4294967279,153
4294967279,152
4294967278,151
4294967278,150
4294967278,289
4294967278,294
4294967278,329
4294967279,562
4294967279,138
101,13
101,12
101,11
101,10
